HND_DI_a54b05371b13f2a65f30204498a8ccfc_raw_hash.csv