../../../.git/annex/objects/90/89/MD5E-s1032004--0077567f53c7547fdbaaff92f2c9bcc4.1.csv/MD5E-s1032004--0077567f53c7547fdbaaff92f2c9bcc4.1.csv